SM:2022-12-02T10:59:36.0559869Z
LM:2022-12-02T10:59:36.5257883Z
CT:image/jpeg
MA:604800
CL:106384
