SM:2022-11-22T17:53:03.5292818Z
LM:2022-11-22T17:53:04.0738714Z
CT:image/jpeg
MA:604800
CL:95492
