SM:2022-12-02T11:03:38.2184550Z
LM:2022-12-02T11:03:38.8413560Z
CT:image/jpeg
MA:604800
CL:266231
