SM:2022-11-22T17:53:02.3623259Z
LM:2022-11-22T17:53:04.0742250Z
CT:image/jpeg
MA:604800
CL:98655
