SM:2022-12-02T11:03:38.3947115Z
LM:2022-12-02T11:03:38.8413586Z
CT:image/jpeg
MA:604800
CL:226785
