SM:2022-11-28T08:08:31.6241174Z
LM:2022-11-28T08:08:43.7293885Z
CT:image/jpeg
MA:604800
CL:116760
