SM:2022-12-02T10:54:47.9770570Z
LM:2022-12-02T10:54:48.2612268Z
CT:image/jpeg
MA:604800
CL:63025
