SM:2022-11-22T17:53:02.2494759Z
LM:2022-11-22T17:53:04.0755594Z
CT:image/jpeg
MA:604800
CL:150029
