SM:2022-12-02T10:56:24.4760496Z
LM:2022-12-02T10:56:24.8924600Z
CT:image/jpeg
MA:604800
CL:98655
