SM:2022-11-28T08:08:31.9242318Z
LM:2022-11-28T08:08:43.7988562Z
CT:image/jpeg
MA:604800
CL:90111
