SM:2022-12-02T10:59:35.8895000Z
LM:2022-12-02T10:59:36.5407721Z
CT:image/jpeg
MA:604800
CL:110423
