SM:2022-12-02T10:52:19.3273683Z
LM:2022-12-02T11:23:18.0549766Z
CT:image/jpeg
MA:604800
CL:297669
