SM:2022-12-02T10:59:35.8061240Z
LM:2022-12-02T10:59:36.5616775Z
CT:image/jpeg
MA:604800
CL:88573
