SM:2022-11-23T10:23:45.2863394Z
LM:2022-11-23T10:23:47.0842165Z
CT:image/jpeg
MA:604800
CL:298076
