SM:2022-12-02T10:56:24.6120303Z
LM:2022-12-02T10:56:24.8951012Z
CT:image/jpeg
MA:604800
CL:132868
