SM:2022-11-23T10:23:45.1684165Z
LM:2022-11-23T10:23:47.0776546Z
CT:image/jpeg
MA:604800
CL:309402
