SM:2022-11-28T08:08:31.8308823Z
LM:2022-11-28T08:08:43.7608275Z
CT:image/jpeg
MA:604800
CL:215386
