SM:2022-12-02T10:52:19.3273683Z
LM:2022-12-02T10:52:20.0017359Z
CT:image/jpeg
MA:604800
CL:298076
