SM:2022-11-22T17:53:02.4538967Z
LM:2022-11-22T17:53:04.0742259Z
CT:image/jpeg
MA:604800
CL:129521
