SM:2022-11-22T17:53:03.4479265Z
LM:2022-11-22T18:10:14.4648306Z
CT:image/jpeg
MA:604800
CL:106364
