SM:2022-12-02T10:52:18.9687259Z
LM:2022-12-02T10:52:20.0005576Z
CT:image/jpeg
MA:604800
CL:217525
