SM:2022-12-02T10:52:19.1216074Z
LM:2022-12-02T11:23:18.0195126Z
CT:image/jpeg
MA:604800
CL:226683
