SM:2022-12-02T10:52:19.1216074Z
LM:2022-12-02T10:52:20.0015356Z
CT:image/jpeg
MA:604800
CL:226785
