SM:2022-12-02T10:52:19.2612216Z
LM:2022-12-02T10:52:20.0017571Z
CT:image/jpeg
MA:604800
CL:309402
