SM:2022-11-22T17:53:03.1832766Z
LM:2022-11-22T17:53:04.0738754Z
CT:image/jpeg
MA:604800
CL:110423
