SM:2022-12-02T11:03:38.5152071Z
LM:2022-12-02T11:03:38.8433768Z
CT:image/jpeg
MA:604800
CL:309402
