SM:2022-11-22T16:10:39.2054714Z
LM:2022-11-22T18:10:14.5089784Z
CT:image/jpeg
MA:604800
CL:95629
