SM:2022-11-23T10:23:44.9569786Z
LM:2022-11-23T10:23:47.0918904Z
CT:image/jpeg
MA:604800
CL:226785
