SM:2022-12-02T11:03:38.1042111Z
LM:2022-12-02T11:03:38.8439486Z
CT:image/jpeg
MA:604800
CL:342398
