SM:2022-11-22T17:53:03.5897700Z
LM:2022-11-22T18:10:14.4650491Z
CT:image/jpeg
MA:604800
CL:107160
