SM:2022-11-22T17:53:02.4538967Z
LM:2022-11-22T18:10:14.4653736Z
CT:image/jpeg
MA:604800
CL:129495
