SM:2022-11-22T14:44:35.5561771Z
LM:2022-11-22T14:44:36.3771875Z
CT:image/jpeg
MA:604800
CL:122914
