SM:2022-12-02T10:52:19.1939647Z
LM:2022-12-02T11:23:18.0532671Z
CT:image/jpeg
MA:604800
CL:428373
