SM:2022-12-02T11:03:38.4598791Z
LM:2022-12-02T11:03:38.8485403Z
CT:image/jpeg
MA:604800
CL:428603
