SM:2022-12-02T10:52:19.1939647Z
LM:2022-12-02T10:52:20.0036919Z
CT:image/jpeg
MA:604800
CL:428603
