SM:2022-12-02T10:52:18.7692288Z
LM:2022-12-02T11:23:18.0147105Z
CT:image/jpeg
MA:604800
CL:342575
