SM:2022-11-22T17:53:03.0507556Z
LM:2022-11-22T17:53:04.0738628Z
CT:image/jpeg
MA:604800
CL:88573
