SM:2022-11-22T17:53:02.0735787Z
LM:2022-11-22T17:53:04.0758556Z
CT:image/jpeg
MA:604800
CL:157291
