SM:2022-11-23T10:23:45.0645551Z
LM:2022-11-28T07:38:36.1056674Z
CT:image/jpeg
MA:604800
CL:428373
