SM:2022-12-02T10:52:19.0474130Z
LM:2022-12-02T10:52:20.0005631Z
CT:image/jpeg
MA:604800
CL:286857
