SM:2022-11-22T17:53:02.2494759Z
LM:2022-11-22T18:10:14.4667503Z
CT:image/jpeg
MA:604800
CL:149610
