SM:2022-12-02T10:52:19.2612216Z
LM:2022-12-02T11:23:18.0047984Z
CT:image/jpeg
MA:604800
CL:308727
