SM:2022-12-02T10:56:24.6766752Z
LM:2022-12-02T10:56:24.8983630Z
CT:image/jpeg
MA:604800
CL:122914
