SM:2022-11-23T10:23:44.6440106Z
LM:2022-11-28T07:38:36.1022300Z
CT:image/jpeg
MA:604800
CL:266332
