SM:2022-11-22T17:53:02.8097764Z
LM:2022-11-22T18:10:14.4653603Z
CT:image/jpeg
MA:604800
CL:123175
