SM:2022-11-29T05:15:03.9759602Z
LM:2022-11-29T05:15:05.8807058Z
CT:image/png
MA:604800
CL:189886
