SM:2022-12-02T10:59:36.2244124Z
LM:2022-12-02T10:59:36.5201176Z
CT:image/jpeg
MA:604800
CL:107287
