SM:2022-11-22T17:53:02.6839662Z
LM:2022-11-22T18:10:14.4656538Z
CT:image/jpeg
MA:604800
CL:122627
