SM:2022-12-02T10:52:18.8996042Z
LM:2022-12-02T10:52:20.0007141Z
CT:image/jpeg
MA:604800
CL:266231
