SM:2022-12-02T10:52:18.7692288Z
LM:2022-12-02T10:52:20.0025186Z
CT:image/jpeg
MA:604800
CL:342398
