SM:2022-11-22T17:53:02.5819758Z
LM:2022-11-22T18:10:14.4655316Z
CT:image/jpeg
MA:604800
CL:132554
