SM:2022-11-23T10:23:44.8528311Z
LM:2022-11-23T10:23:46.2080706Z
CT:image/jpeg
MA:604800
CL:286857
