SM:2022-11-23T10:23:44.7482240Z
LM:2022-11-23T10:23:46.2080165Z
CT:image/jpeg
MA:604800
CL:217525
