SM:2022-12-02T10:59:35.6389100Z
LM:2022-12-02T10:59:36.5521998Z
CT:image/jpeg
MA:604800
CL:123221
