SM:2022-12-02T10:56:24.4010507Z
LM:2022-12-02T10:56:24.8975631Z
CT:image/jpeg
MA:604800
CL:150029
