SM:2022-11-28T08:08:32.0240058Z
LM:2022-11-28T08:08:34.4936630Z
CT:image/png
MA:604800
CL:5100
