SM:2022-12-02T10:56:24.5423688Z
LM:2022-12-02T10:56:24.8918037Z
CT:image/jpeg
MA:604800
CL:129521
