SM:2022-11-22T16:10:39.2054714Z
LM:2022-11-22T16:10:39.6574730Z
CT:image/jpeg
MA:604800
CL:95492
