SM:2022-12-02T10:59:35.9798266Z
LM:2022-12-02T10:59:36.5667158Z
CT:image/jpeg
MA:604800
CL:119336
