SM:2022-11-22T17:53:02.0735787Z
LM:2022-11-22T18:10:14.4668761Z
CT:image/jpeg
MA:604800
CL:157061
