SM:2022-12-02T10:52:18.8996042Z
LM:2022-12-02T11:23:18.0278678Z
CT:image/jpeg
MA:604800
CL:266332
