SM:2022-11-23T10:23:45.2863394Z
LM:2022-11-28T07:38:36.1043977Z
CT:image/jpeg
MA:604800
CL:297669
