SM:2022-11-22T17:53:03.5897700Z
LM:2022-11-22T17:53:04.1261947Z
CT:image/jpeg
MA:604800
CL:107287
