SM:2022-11-22T17:53:02.9236646Z
LM:2022-11-22T18:10:14.5144449Z
CT:image/jpeg
MA:604800
CL:93531
