SM:2022-11-29T05:15:03.9759602Z
LM:2022-11-29T06:00:39.3731571Z
CT:image/png
MA:604800
CL:190392
