SM:2022-11-28T08:08:31.7149054Z
LM:2022-11-28T08:29:32.4259719Z
CT:image/jpeg
MA:604800
CL:197043
