SM:2022-12-02T10:54:47.8145341Z
LM:2022-12-02T10:54:48.5330320Z
CT:image/png
MA:604800
CL:189886
