SM:2022-12-02T10:59:35.7228341Z
LM:2022-12-02T10:59:36.5381851Z
CT:image/jpeg
MA:604800
CL:93668
