SM:2022-12-02T11:03:38.3366665Z
LM:2022-12-02T11:03:38.8408557Z
CT:image/jpeg
MA:604800
CL:286857
