SM:2022-11-28T08:08:31.9242318Z
LM:2022-11-28T08:29:32.4184753Z
CT:image/jpeg
MA:604800
CL:90175
