SM:2022-11-28T08:08:31.2630932Z
LM:2022-11-28T08:29:32.4242262Z
CT:image/jpeg
MA:604800
CL:121881
