SM:2022-11-22T17:53:02.3623259Z
LM:2022-11-22T18:10:14.4657303Z
CT:image/jpeg
MA:604800
CL:98445
