SM:2022-12-02T11:03:38.5772327Z
LM:2022-12-02T11:03:38.8418804Z
CT:image/jpeg
MA:604800
CL:298076
