SM:2022-11-22T17:53:03.3126995Z
LM:2022-11-22T17:53:04.0743300Z
CT:image/jpeg
MA:604800
CL:119336
