SM:2022-11-23T10:23:45.0645551Z
LM:2022-11-23T10:23:47.0875294Z
CT:image/jpeg
MA:604800
CL:428603
