SM:2022-11-23T10:23:45.1684165Z
LM:2022-11-28T07:38:36.1033747Z
CT:image/jpeg
MA:604800
CL:308727
