SM:2022-11-22T17:53:03.5292818Z
LM:2022-11-22T18:10:14.4648284Z
CT:image/jpeg
MA:604800
CL:95629
