SM:2022-11-23T10:23:44.8528311Z
LM:2022-11-28T07:38:36.1046848Z
CT:image/jpeg
MA:604800
CL:286683
