SM:2022-11-28T08:08:31.2630932Z
LM:2022-11-28T08:08:43.7541677Z
CT:image/jpeg
MA:604800
CL:121872
