SM:2022-11-22T17:53:03.1832766Z
LM:2022-11-22T18:10:14.4677131Z
CT:image/jpeg
MA:604800
CL:110363
