SM:2022-11-22T17:53:02.8097764Z
LM:2022-11-22T17:53:04.0743047Z
CT:image/jpeg
MA:604800
CL:123221
