SM:2022-11-22T17:53:02.6839662Z
LM:2022-11-22T17:53:04.0743636Z
CT:image/jpeg
MA:604800
CL:122914
