SM:2022-11-22T17:53:03.0507556Z
LM:2022-11-22T18:10:14.4648356Z
CT:image/jpeg
MA:604800
CL:88625
