SM:2022-12-02T10:59:36.1487626Z
LM:2022-12-02T10:59:36.5372647Z
CT:image/jpeg
MA:604800
CL:95492
