SM:2022-12-02T10:52:19.0474130Z
LM:2022-12-02T11:23:18.0128820Z
CT:image/jpeg
MA:604800
CL:286683
