SM:2022-11-23T10:23:44.3714446Z
LM:2022-11-23T10:23:46.2090881Z
CT:image/jpeg
MA:604800
CL:342398
