SM:2022-11-22T17:53:02.9236646Z
LM:2022-11-22T17:53:04.0738593Z
CT:image/jpeg
MA:604800
CL:93668
